1753 2693 1583 3559 3851 2473 2689 2879 2503 2351 1579 2843 
1609 2393 1123 2003 1543 2857 2797 1117 2161 3739 3823 2549 
1559 1307 3049 3067 2861 2803 3181 2903 2203 2399 1009 3529 
1297 2477 3583 2339 3343 1013 2011 1879 3541 1193 3119 1049 
3793 1259 2111 3491 2663 3329 3209 2699 1097 3659 2927 3803 
2153 2099 2609 3167 2851 2753 3361 2441 1847 3191 1973 2389 
2447 3511 1021 3109 2621 2267 2767 3307 1889 2083 1567 3847 
1069 2281 1291 1697 3769 1229 3461 1999 1493 2531 2423 3767 
1483 1901 2087 3691 3407 2251 1019 1109 3701 2297 1373 3137 
1031 3433 3797 2141 3917 1783 3919 2273 3967 1877 3347 2633 
1787 1811 2081 1163 2053 3079 3253 3623 3593 3467 2617 2063 
1489 2897 2347 1663 2113 3019 2887 2963 2383 2131 3389 3083 
